-0.10197
-0.840121
-0.88748
-0.899042
-0.928869
-0.894317
-0.927352
-0.947416
-0.95097
-0.96275
-0.963701
-0.948529
-0.953422
-0.95598
-0.935261
-0.914837
-0.499013
-0.754173
-0.933256
-0.894274
-0.770643
-0.643951
-0.669069
-0.613834
-0.903387
-0.915201
-0.89544
-0.927924
-0.930014
-0.945369
-0.94448
-0.829717
-0.894567
-0.958704
-0.952988
-0.936456
-0.949732
-0.943008
-0.95925
-0.953273
-0.958006
-0.942845
-0.938503
-0.930538
-0.419792
-0.836676
-0.953318
-0.957479
-0.888593
-0.891841
-0.96931
-0.958166
-0.953281
-0.928555
-0.919075
-0.882358
-0.951867
-0.982663
-0.977523
-0.971464
-0.968929
-0.965266
-0.96542
-0.96328
-0.960035
-0.939126
-0.767731
-0.898744
-0.943466
-0.961941
-0.968746
-0.969507
-0.959755
-0.95712
-0.96865
-0.950145
-0.954085
-0.956973
-0.95959
0.463939
0.447532
0.696777
0.746408
0.63879
0.451262
0.394795
0.606245
0.664043
0.537905
0.54817
0.77694
0.777728
0.529285
0.409266
0.606421
0.636245
0.604621
0.576676
0.539749
0.569848
0.617724
0.527019
0.511523
0.60157
0.603218
0.647136
0.628027
0.560272
0.626413
0.886589
0.797758
1.26565
1.14339
0.664892
0.947909
1.29807
1.44002
1.3195
1.53237
1.84959
2.14897
1.97046
1.79397
1.95688
1.92587
1.91373
2.53877
2.28931
2.20631
2.16663
2.48327
2.55934
2.30651
1.64231
1.05983
0.877937
1.04171
1.46088
1.06244
0.814029
1.64333
1.65938
2.05664
2.28413
1.65929
1.51374
1.75
1.84384
1.9303
2.07645
2.04561
2.11233
1.82474
1.88751
1.99728
2.15828
2.41939
2.39424
-0.0210641
-0.893595
-0.911035
-0.811015
-0.89938
-0.875218
-0.902817
-0.940593
-0.945217
-0.935106
-0.944552
-0.357902
-0.895744
-0.90439
-0.948894
-0.924761
-0.949783
-0.951897
-0.952991
-0.968418
-0.953284
-0.96069
-0.953821
-0.604
-0.837384
-0.895557
-0.94776
-0.912832
-0.898275
-0.942047
-0.969052
-0.964345
-0.934137
-0.909291
0.269769
-0.82997
-0.902828
-0.909443
-0.914083
-0.933696
-0.9105
-0.895414
-0.944541
-0.944765
-0.912715
-0.697564
-0.946051
-0.938578
-0.965223
-0.961677
-0.958983
-0.957037
-0.957958
-0.968974
-0.976122
-0.979493
-0.772329
-0.911227
-0.957852
-0.945004
-0.953135
-0.976226
-0.980536
-0.970862
-0.962087
-0.962274
-0.968365
-0.964151
-0.968445
0.522853
0.582964
0.564452
0.491833
0.342659
0.520779
0.459925
0.416065
0.540921
0.50767
0.387572
0.266809
0.43621
0.396525
0.212021
0.544539
0.693428
0.643912
0.553436
0.564076
0.555736
0.467248
0.546658
0.729836
0.658506
0.498462
0.590173
0.491777
0.328345
1.40809
1.14457
0.766417
0.90548
0.957395
0.540354
0.926612
1.0467
1.11989
1.09722
1.20691
1.3554
1.29237
1.25884
0.918373
1.05908
1.05784
1.33866
1.44635
1.03697
1.05833
0.896365
0.637773
0.930504
0.9359
0.918881
1.11595
0.899959
1.1201
1.18115
0.785728
1.25325
1.04995
1.1508
1.06284
0.97579
0.964196
0.970721
0.797891
1.14233
0.997255
0.887351
1.09227
1.03923
0.833218
0.776352
0.838303
-0.0592022
-0.573625
-0.591847
-0.574133
-0.763269
-0.727833
-0.74038
-0.878277
-0.91789
-0.906116
-0.861543
-0.868353
-0.86354
-0.840986
-0.827409
-0.370624
-0.787727
-0.903384
-0.861743
-0.89946
-0.901457
-0.902317
-0.905205
-0.922179
-0.919059
-0.902484
-0.27151
-0.774072
-0.92946
-0.887371
-0.876504
-0.882156
-0.902987
-0.922301
-0.894165
-0.869269
-0.908147
-0.88748
-0.879132
-0.697202
-0.882984
-0.863175
-0.875272
-0.917544
-0.924303
-0.901201
-0.899545
-0.874952
-0.871089
-0.910793
-0.876502
-0.543215
-0.740521
-0.926015
-0.946591
-0.953779
-0.948321
-0.941895
-0.942864
-0.938365
-0.94247
-0.941184
-0.944589
-0.94169
-0.949676
-0.966059
-0.877766
-0.373396
-0.503541
-0.845224
-0.937707
-0.924636
-0.90278
-0.899559
-0.920411
-0.934763
-0.933621
-0.939078
-0.921096
-0.925669
-0.925962
0.148068
0.0378868
0.1836
0.230129
0.0848447
0.0788309
0.13164
0.274739
0.221036
0.0615162
0.110569
0.290771
0.39973
0.329135
0.136664
0.117227
0.508317
0.197063
0.0937709
0.18409
0.22681
0.159095
0.238499
0.319192
0.344658
0.250508
0.161379
0.188493
0.263936
0.227419
0.190535
0.228532
0.260574
0.427294
0.0953389
0.096087
0.246307
0.269844
0.244875
0.255292
0.236287
0.428854
0.668185
0.508671
0.352019
0.573426
0.485702
0.364534
0.138722
0.202589
0.476411
0.472663
0.113138
0.248006
0.742026
0.433835
0.514054
0.723156
0.659967
0.365253
0.504332
0.44947
0.453054
0.571458
0.447024
0.499205
0.530128
0.695164
0.579019
0.490633
0.689262
0.768392
0.687297
0.603862
0.753747
0.546016
0.68189
0.654324
0.618635
0.90618
0.883347
0.659422
0.255755
0.391608
-0.636167
-0.538053
-0.779674
-0.796155
-0.862408
-0.943548
-0.891671
-0.799592
-0.804227
-0.800582
-0.834698
-0.77683
-0.801059
-0.667804
-0.568439
-0.808278
-0.812903
-0.897977
-0.86437
-0.856235
-0.913828
-0.854962
-0.874822
-0.715121
-0.91316
-0.810869
-0.836093
-0.880908
-0.934422
-0.940654
-0.934555
-0.87939
-0.841377
-0.907164
-0.804237
-0.874005
-0.890579
-0.93365
-0.92983
-0.909361
1.28395
-0.660928
-0.868084
-0.925938
-0.922238
-0.906533
-0.831785
-0.802885
-0.70397
-0.503083
-0.420404
-0.442513
-0.591536
-0.861189
-0.971059
-0.92502
-0.748505
-0.752876
-0.926276
-0.950917
-0.963725
-0.953614
-0.939941
-0.948018
-0.564608
-0.85722
-0.923941
-0.95552
-0.965756
-0.958981
-0.96463
-0.977461
-0.973197
-0.97465
-0.96869
-0.962577
-0.0343562
-0.0680672
-0.0334165
-0.0144087
-0.0176379
0.0750879
0.101811
-0.0164798
-0.0918988
-0.0462614
0.0561226
0.0309892
-0.00356035
-0.0445922
0.114759
0.0557899
0.0365904
0.122272
0.00916478
-0.00460392
0.130019
0.0869877
0.033047
-0.0474807
0.0628712
0.11226
-0.0335469
-0.119008
0.0460197
0.426943
0.444298
0.479979
0.439029
0.567071
0.566124
0.500179
0.26962
0.462645
0.351266
0.492448
0.511283
0.49285
0.356824
0.399318
0.432933
0.530706
0.637603
0.48915
0.495025
0.69801
0.55613
0.907777
0.912537
0.885098
0.897901
0.683868
0.624883
0.805127
0.866338
0.836698
0.801315
0.558781
0.661096
0.866588
0.752499
0.627955
0.700858
0.661016
0.720513
0.710293
0.762202
0.909196
0.819577
0.760696
0.767638
-0.399355
-0.741456
-0.839695
-0.850341
-0.800319
-0.887954
-0.943511
-0.947973
-0.91702
-0.912087
-0.335436
-0.818922
-0.944041
-0.949783
-0.941831
-0.944334
-0.965362
-0.92901
-0.680292
-0.57625
-0.783315
-0.60354
-0.439125
-0.855771
-0.901441
-0.906776
-0.945734
-0.95236
-0.923316
-0.914648
-0.908959
-0.925903
-0.928643
-0.483125
-0.834173
-0.840352
-0.865741
-0.845961
-0.836905
-0.828178
-0.806434
-0.719695
-0.682734
-0.78056
-0.85956
-0.858018
-0.910056
0.0716723
-0.587308
-0.60146
-0.706975
-0.820897
-0.951806
-0.966959
-0.907276
-0.9121
-0.976373
-0.967851
-0.951977
-0.642679
-0.854086
-0.948851
-0.959332
-0.956614
-0.789337
-0.774711
-0.909992
-0.807448
-0.805457
-0.9332
-0.975925
1.54974
1.53352
1.61578
1.53247
1.56418
1.66193
1.48628
1.26417
1.3928
1.37788
1.14748
1.44448
1.41295
1.67296
1.48602
1.34068
1.3594
1.44456
1.43207
1.56726
1.5231
1.42675
1.32376
1.34935
1.32816
1.16849
0.568533
0.547677
0.601946
0.62943
0.868066
0.638566
0.638239
0.603737
0.45993
0.527514
0.512273
0.847242
0.795296
0.771318
0.478576
0.413126
0.552645
0.65225
0.514081
1.19347
1.42906
1.54986
1.08265
0.606823
0.589511
0.88632
0.919057
0.499617
0.603519
0.528393
0.491721
0.635137
0.858852
0.983476
1.72155
1.92073
1.53787
0.876784
0.80945
0.648653
0.490385
0.643696
0.65192
0.456474
0.696199
0.684182
0.488846
-0.100207
-0.0289094
-0.788288
-0.736674
-0.79661
-0.880093
-0.869862
-0.901798
-0.890217
-0.922099
-0.93028
0.0317452
-0.602198
-0.750358
-0.902215
-0.950813
-0.775158
-0.740292
-0.84729
-0.91629
-0.895009
-0.951615
-0.874814
0.814793
-0.556702
-0.873105
0.726364
1.58814
2.32127
1.41755
0.767101
-0.686745
-0.713969
-0.713982
-0.789736
-0.479677
-0.832842
-0.799336
-0.852532
-0.909057
-0.88674
-0.853037
-0.869958
-0.558568
-0.370159
-0.454813
-0.729417
-0.921343
-0.739999
-0.894322
-0.91547
-0.880681
-0.833449
-0.708426
-0.714778
-0.779855
-0.805678
-0.909004
-0.902072
-0.793613
-0.897629
-0.940993
-0.909291
-0.777025
-0.787404
-0.792665
-0.883322
-0.801421
-0.797119
-0.923143
-0.917403
-0.905186
-0.801956
-0.791376
1.52466
1.53837
1.54139
1.68352
1.66996
1.53193
1.29198
1.45637
1.98445
1.89454
1.66074
1.56471
1.36806
1.61104
1.84927
1.73923
1.42263
1.34832
1.56139
1.59711
1.5957
1.54304
1.71862
1.71815
1.65812
1.62293
1.97352
2.02761
1.99124
1.98121
2.19415
2.39053
2.27545
2.68711
2.37139
2.72269
2.75626
2.19107
2.29988
2.02162
1.42963
1.34913
1.44327
1.60822
1.53868
1.35315
1.12056
1.07652
1.30726
1.36308
1.59144
1.47789
1.32097
1.55555
1.60741
1.62372
1.45243
1.44061
1.29508
1.36092
1.68231
1.70551
1.4902
2.07395
2.28873
2.44514
2.3753
2.67431
2.97918
2.53074
-0.527519
-0.732604
-0.790397
-0.889336
-0.905085
-0.923281
-0.90004
-0.954037
-0.942403
-0.942185
-0.948292
-0.953047
-0.646877
-0.960669
-0.968785
-0.954838
-0.943372
-0.968642
-0.963733
-0.967343
-0.975412
-0.927067
-0.662964
-0.618924
-0.93446
-0.959574
-0.976602
-0.973745
-0.961864
-0.963618
-0.97678
-0.979333
-0.971003
-0.963962
-0.964939
-0.603044
-0.908642
-0.956095
-0.962442
-0.973375
-0.976109
-0.97715
-0.967449
-0.959867
-0.962875
-0.963211
-0.9348
-0.539539
-0.877612
-0.926015
-0.9554
-0.965836
-0.966379
-0.972843
-0.968104
-0.974397
-0.983869
-0.9714
-0.966006
-0.96377
-0.950518
-0.951026
1.27391
-0.593607
-0.839098
-0.857289
-0.935168
-0.927197
-0.8894
-0.929258
-0.922222
-0.939954
-0.954202
-0.946176
-0.955006
-0.961291
-0.961901
-0.725304
0.53541
0.649308
0.5746
0.687422
0.752789
0.678081
0.647583
0.758356
0.868308
0.723313
0.487728
0.488604
0.558148
0.668553
0.579008